11
(-1, 0, 0.0), (0.0, 1.0, 0.0), (0.0, 0.0)
(-0.636364, 1.68595, 0.0), (0.0, 1.0, 0.0), (0.0, 0.0)
(-0.272727, 3.10744, 0.0), (0.0, 1.0, 0.0), (0.0, 0.0)
(0.0909091, 4.26446, 0.0), (0.0, 1.0, 0.0), (0.0, 0.0)
(0.454545, 5.15702, 0.0), (0.0, 1.0, 0.0), (0.0, 0.0)
(0.818182, 5.78512, 0.0), (0.0, 1.0, 0.0), (0.0, 0.0)
(1.18182, 6.14876, 0.0), (0.0, 1.0, 0.0), (0.0, 0.0)
(1.54545, 6.24793, 0.0), (1.0, 0.0, 0.0), (0.0, 0.0)
(1.90909, 6.08264, 0.0), (1.0, 0.0, 0.0), (0.0, 0.0)
(2.27273, 5.65289, 0.0), (1.0, 0.0, 0.0), (0.0, 0.0)
(2.63636, 4.95868, 0.0), (1.0, 0.0, 0.0), (0.0, 0.0)
