60
(0.284, 0.959, -10) (0.0, 1.0, 1.0) (0.0, 0.0)
(0.121, 0.993, -9.67) (0.0, 1.0, 1.0) (0.0, 0.0)
(-0.0457, 0.999, -9.33) (0.0, 1.0, 1.0) (0.0, 0.0)
(-0.211, 0.978, -9) (0.0, 1.0, 1.0) (0.0, 0.0)
(-0.37, 0.929, -8.67) (0.0, 1.0, 1.0) (0.0, 0.0)
(-0.519, 0.855, -8.33) (0.0, 1.0, 1.0) (0.0, 0.0)
(-0.654, 0.757, -8) (0.0, 1.0, 1.0) (0.0, 0.0)
(-0.77, 0.638, -7.67) (0.0, 1.0, 1.0) (0.0, 0.0)
(-0.865, 0.501, -7.33) (0.0, 1.0, 1.0) (0.0, 0.0)
(-0.936, 0.351, -7) (0.0, 1.0, 1.0) (0.0, 0.0)
(-0.982, 0.191, -6.67) (0.0, 1.0, 1.0) (0.0, 0.0)
(-1, 0.0251, -6.33) (0.0, 1.0, 1.0) (0.0, 0.0)
(-0.99, -0.141, -6) (0.0, 1.0, 1.0) (0.0, 0.0)
(-0.953, -0.303, -5.67) (0.0, 1.0, 1.0) (0.0, 0.0)
(-0.889, -0.457, -5.33) (0.0, 1.0, 1.0) (0.0, 0.0)
(-0.801, -0.598, -5) (0.0, 1.0, 1.0) (0.0, 0.0)
(-0.691, -0.723, -4.67) (0.0, 1.0, 1.0) (0.0, 0.0)
(-0.561, -0.828, -4.33) (0.0, 1.0, 1.0) (0.0, 0.0)
(-0.416, -0.909, -4) (0.0, 1.0, 1.0) (0.0, 0.0)
(-0.26, -0.966, -3.67) (0.0, 1.0, 1.0) (0.0, 0.0)
(-0.0957, -0.995, -3.33) (0.0, 1.0, 1.0) (0.0, 0.0)
(0.0707, -0.997, -3) (0.0, 1.0, 1.0) (0.0, 0.0)
(0.235, -0.972, -2.67) (0.0, 1.0, 1.0) (0.0, 0.0)
(0.393, -0.919, -2.33) (0.0, 1.0, 1.0) (0.0, 0.0)
(0.54, -0.841, -2) (0.0, 1.0, 1.0) (0.0, 0.0)
(0.672, -0.74, -1.67) (0.0, 1.0, 1.0) (0.0, 0.0)
(0.786, -0.618, -1.33) (0.0, 1.0, 1.0) (0.0, 0.0)
(0.878, -0.479, -1) (0.0, 1.0, 1.0) (0.0, 0.0)
(0.945, -0.327, -0.667) (0.0, 1.0, 1.0) (0.0, 0.0)
(0.986, -0.166, -0.333) (0.0, 1.0, 1.0) (0.0, 0.0)
(1, -1.49e-07, -2.98e-07) (0.0, 1.0, 1.0) (0.0, 0.0)
(0.986, 0.166, 0.333) (0.0, 1.0, 1.0) (0.0, 0.0)
(0.945, 0.327, 0.667) (0.0, 1.0, 1.0) (0.0, 0.0)
(0.878, 0.479, 1) (0.0, 1.0, 1.0) (0.0, 0.0)
(0.786, 0.618, 1.33) (0.0, 1.0, 1.0) (0.0, 0.0)
(0.672, 0.74, 1.67) (0.0, 1.0, 1.0) (0.0, 0.0)
(0.54, 0.841, 2) (0.0, 1.0, 1.0) (0.0, 0.0)
(0.393, 0.919, 2.33) (0.0, 1.0, 1.0) (0.0, 0.0)
(0.235, 0.972, 2.67) (0.0, 1.0, 1.0) (0.0, 0.0)
(0.0707, 0.997, 3) (0.0, 1.0, 1.0) (0.0, 0.0)
(-0.0957, 0.995, 3.33) (0.0, 1.0, 1.0) (0.0, 0.0)
(-0.26, 0.966, 3.67) (0.0, 1.0, 1.0) (0.0, 0.0)
(-0.416, 0.909, 4) (0.0, 1.0, 1.0) (0.0, 0.0)
(-0.561, 0.828, 4.33) (0.0, 1.0, 1.0) (0.0, 0.0)
(-0.691, 0.723, 4.67) (0.0, 1.0, 1.0) (0.0, 0.0)
(-0.801, 0.598, 5) (0.0, 1.0, 1.0) (0.0, 0.0)
(-0.889, 0.457, 5.33) (0.0, 1.0, 1.0) (0.0, 0.0)
(-0.953, 0.303, 5.67) (0.0, 1.0, 1.0) (0.0, 0.0)
(-0.99, 0.141, 6) (0.0, 1.0, 1.0) (0.0, 0.0)
(-1, -0.0251, 6.33) (0.0, 1.0, 1.0) (0.0, 0.0)
(-0.982, -0.191, 6.67) (0.0, 1.0, 1.0) (0.0, 0.0)
(-0.936, -0.351, 7) (0.0, 1.0, 1.0) (0.0, 0.0)
(-0.865, -0.501, 7.33) (0.0, 1.0, 1.0) (0.0, 0.0)
(-0.77, -0.638, 7.67) (0.0, 1.0, 1.0) (0.0, 0.0)
(-0.654, -0.757, 8) (0.0, 1.0, 1.0) (0.0, 0.0)
(-0.519, -0.855, 8.33) (0.0, 1.0, 1.0) (0.0, 0.0)
(-0.37, -0.929, 8.67) (0.0, 1.0, 1.0) (0.0, 0.0)
(-0.211, -0.978, 9) (0.0, 1.0, 1.0) (0.0, 0.0)
(-0.0457, -0.999, 9.33) (0.0, 1.0, 1.0) (0.0, 0.0)
(0.121, -0.993, 9.67) (0.0, 1.0, 1.0) (0.0, 0.0)
