30
(-0.416, -0.909, -0.2), (0.0, 1.0, 1.0), (0.0, 0.0)
(-0.26, -0.966, -0.183), (0.0, 1.0, 1.0), (0.0, 0.0)
(-0.0957, -0.995, -0.167), (0.0, 1.0, 1.0), (0.0, 0.0)
(0.0707, -0.997, -0.15), (0.0, 1.0, 1.0), (0.0, 0.0)
(0.235, -0.972, -0.133), (0.0, 1.0, 1.0), (0.0, 0.0)
(0.393, -0.919, -0.117), (0.0, 1.0, 1.0), (0.0, 0.0)
(0.54, -0.841, -0.1), (0.0, 1.0, 1.0), (0.0, 0.0)
(0.672, -0.74, -0.0833), (0.0, 1.0, 1.0), (0.0, 0.0)
(0.786, -0.618, -0.0667), (0.0, 1.0, 1.0), (0.0, 0.0)
(0.878, -0.479, -0.05), (0.0, 1.0, 1.0), (0.0, 0.0)
(0.945, -0.327, -0.0333), (0.0, 1.0, 1.0), (0.0, 0.0)
(0.986, -0.166, -0.0167), (0.0, 1.0, 1.0), (0.0, 0.0)
(1, -1.49e-07, -1.49e-08), (0.0, 1.0, 1.0), (0.0, 0.0)
(0.986, 0.166, 0.0167), (0.0, 1.0, 1.0), (0.0, 0.0)
(0.945, 0.327, 0.0333), (0.0, 1.0, 1.0), (0.0, 0.0)
(0.878, 0.479, 0.05), (0.0, 1.0, 1.0), (0.0, 0.0)
(0.786, 0.618, 0.0667), (0.0, 1.0, 1.0), (0.0, 0.0)
(0.672, 0.74, 0.0833), (0.0, 1.0, 1.0), (0.0, 0.0)
(0.54, 0.841, 0.1), (0.0, 1.0, 1.0), (0.0, 0.0)
(0.393, 0.919, 0.117), (0.0, 1.0, 1.0), (0.0, 0.0)
(0.235, 0.972, 0.133), (0.0, 1.0, 1.0), (0.0, 0.0)
(0.0707, 0.997, 0.15), (0.0, 1.0, 1.0), (0.0, 0.0)
(-0.0957, 0.995, 0.167), (0.0, 1.0, 1.0), (0.0, 0.0)
(-0.26, 0.966, 0.183), (0.0, 1.0, 1.0), (0.0, 0.0)
(-0.416, 0.909, 0.2), (0.0, 1.0, 1.0), (0.0, 0.0)
(-0.561, 0.828, 0.217), (0.0, 1.0, 1.0), (0.0, 0.0)
(-0.691, 0.723, 0.233), (0.0, 1.0, 1.0), (0.0, 0.0)
(-0.801, 0.598, 0.25), (0.0, 1.0, 1.0), (0.0, 0.0)
(-0.889, 0.457, 0.267), (0.0, 1.0, 1.0), (0.0, 0.0)
(-0.953, 0.303, 0.283), (0.0, 1.0, 1.0), (0.0, 0.0)
